12.115 -8.510
12.246 -6.955
11.173 -8.631
13.827 -6.782
9.312 -8.205
13.764 -8.481
10.643 -9.984
13.133 -8.759
14.203 -7.256
12.854 -8.412
14.204 -7.066
16.437 -4.986
13.637 -6.322
13.961 -6.838
13.560 -7.400
12.862 -7.499
13.266 -7.744
13.638 -8.150
9.223 -8.411
11.183 -7.435
10.333 -9.251
10.922 -7.695
13.126 -6.700
12.127 -8.357
12.698 -9.101
9.857 -8.325
11.066 -7.509
13.418 -7.418
12.867 -7.401
10.066 -9.141
12.152 -6.370
13.330 -7.878
11.561 -8.804
12.788 -8.466
12.287 -8.771
13.145 -7.921
12.567 -6.752
11.531 -8.576
11.946 -8.995
11.526 -7.714
11.198 -8.296
11.151 -7.663
11.290 -8.919
13.209 -8.064
15.938 -7.465
12.435 -7.497
13.041 -6.834
16.063 -5.589
8.504 -11.160
13.604 -7.443
11.238 -9.279
13.419 -7.847
11.066 -8.818
12.659 -7.200
10.830 -8.768
13.942 -7.855
10.794 -9.501
11.669 -7.339
11.807 -9.336
13.233 -7.539
10.952 -8.794
12.912 -6.624
13.066 -8.585
12.865 -9.341
12.953 -8.574
13.418 -8.273
11.323 -8.177
13.078 -7.101
12.921 -7.647
14.503 -7.164
16.383 -5.743
8.485 -8.788
12.077 -7.121
10.135 -8.942
11.315 -8.030
13.367 -6.934
11.120 -9.338
13.890 -8.751
13.230 -8.333
11.648 -9.733
12.051 -6.841
14.365 -5.751
9.738 -9.180
12.664 -7.421
14.465 -7.526
14.257 -5.599
12.726 -7.391
16.093 -6.085
13.821 -7.506
11.527 -9.899
12.870 -6.973
11.382 -8.235
12.972 -6.729
12.512 -8.778
12.560 -7.403
15.328 -6.391
10.789 -7.108
13.862 -7.358
10.968 -7.357
11.865 -8.602
